0,423
225,3
0,220
0,219
0,378
0,361
0,433
0,388
0,375
0,389
1,1
1,3
0,418
0,409
0,384
0,390
0,412
2,8
0,411
0,350
0,431
0,335
0,349
0,403
0,373
0,346
226,1
226,3
0,397
0,332
0,357
0,398
0,324
0,396
0,410
0,393
0,341
0,354
0,407
0,392
0,385
0,406
0,443
0,387
0,391
0,372
0,432
0,326
19,1
19,3
14,1
14,3
0,300
0,299
0,298
0,297
0,296
0,295
0,294
0,293
0,292
0,291
0,290
0,289
0,288
0,287
0,286
0,285
0,284
0,283
0,282
0,344
0,281
0,280
0,279
0,278
0,277
0,276
0,275
0,274
0,273
0,272
0,271
0,270
0,269
0,268
0,267
0,266
0,265
0,264
0,263
0,262
0,261
0,260
0,259
0,258
0,257
0,256
0,255
0,254
0,253
0,252
0,251
0,250
0,242
0,241
0,240
0,239
0,238
0,237
0,236
0,235
0,234
0,233
0,232
0,231
0,230
0,229
0,228
0,227
0,408
0,218
0,217
0,216
0,215
0,214
0,213
0,212
0,211
0,210
0,209
0,208
0,207
0,206
0,205
0,204
0,203
0,202
0,201
0,200
0,199
0,198
0,197
0,196
0,195
0,249
0,370
0,248
0,405
0,247
0,386
0,246
0,447
0,245
0,313
0,244
0,312
0,345
0,358
0,334
0,442
0,430
0,338
6,1
6,4
12,1
12,3
0,311
0,429
0,428
0,309
0,446
0,367
0,444
0,333
0,339
225,1
225,5
0,427
0,356
0,331
0,366
0,348
0,353
0,445
227,1
227,3
0,226
0,225
0,224
0,223
0,222
0,221
0,194
0,193
0,192
0,63
0,62
0,61
0,60
0,59
0,58
0,57
0,56
0,55
0,54
0,53
0,52
0,51
0,50
0,49
0,48
0,47
0,46
21,1
21,3
0,45
0,6
5,3
0,337
0,402
16,1
16,3
9,1
9,3
10,1
10,3
0,413
0,323
0,441
0,401
0,352
0,328
2,1
2,10
2,2
2,0
2,9
2,6
0,347
0,420
0,336
0,400
0,424
242,5
242,4
242,3
242,2
0,329
242,1
